6b21d407-c757-4653-9183-046ed0a39a55	848	84.396	878	A-seg8	N/A	14	3	871	14	884	0.0	871	890
a352dec6-9d73-4735-b82b-a41833e62295	706	81.538	910	A-seg8	N/A	32	1	897	10	884	0.0	897	890
b08e747f-e3aa-42d8-bc84-e1f36bf61edd	708	82.057	875	A-seg8	N/A	35	7	859	876	22	0.0	861	890
db0946f9-9e81-4522-a038-a50f7d85dc42	697	81.914	857	A-seg8	N/A	24	1	844	15	854	0.0	861	890
54709255-9d99-4ff4-99b7-9dcea5ec2068	472	83.490	533	A-seg2	N/A	24	1	512	2333	1807	3.18e-135	520	2341
ad6963b1-9951-4d8a-a7eb-769ff7de8f81	736	82.543	865	A-seg8	N/A	18	2	844	13	871	0.0	844	890
2fe58445-85e5-43a3-803f-2009cb292196	678	81.243	885	A-seg8	N/A	27	1	859	882	12	0.0	860	890
706093a3-4119-4ff5-ae45-a429c357dcf8	846	84.598	870	A-seg8	N/A	15	1	859	12	873	0.0	859	890
4141a03f-8be0-4c92-afb8-dc76de560f4b	861	83.248	973	A-seg7	N/A	29	35	989	976	21	0.0	989	1027
696d2d7a-27e4-409f-a530-ab235147fdeb	436	86.683	398	A-seg8	N/A	5	1	393	886	490	1.23e-124	549	890
2778aaeb-6c9b-4772-9cd1-7e20162187f4	800	83.676	876	A-seg8	N/A	17	1	856	886	18	0.0	856	890
ab55bfae-41ef-48b8-8cd5-d0c8cbf6fb4c	355	87.302	315	A-seg8	N/A	3	9	320	876	564	3.59e-100	557	890
c4ee94f6-50fe-4b1b-aa89-4a659c867f14	813	84.023	870	A-seg8	N/A	22	1	854	14	874	0.0	856	890
fc24a1f2-eb27-4adf-99e5-b780f9539355	833	84.350	869	A-seg8	N/A	17	1	854	12	875	0.0	854	890
8e311938-5a11-474f-9ff2-9d5eff0e58bc	752	83.099	852	A-seg8	N/A	22	1	837	12	853	0.0	863	890
0fe270dc-8589-4b5f-a8e3-6f28e216e44b	697	81.901	873	A-seg8	N/A	30	1	844	883	26	0.0	844	890
e37be498-71fe-438f-8946-fd882af4c5c0	337	84.928	345	A-seg4_H5	N/A	11	1	339	11	347	1.36e-94	581	1780
e37be498-71fe-438f-8946-fd882af4c5c0	193	83.105	219	A-seg4_H5	N/A	8	354	565	244	27	3.11e-51	581	1780
190390b5-045b-4150-b9e7-6009c4a49a85	747	89.238	604	A-seg4_H5	N/A	9	1	596	1771	1170	0.0	596	1780
160a3659-3ca7-4195-b8ee-0722c911356a	848	90.075	665	A-seg4_H5	N/A	15	1	655	1757	1099	0.0	657	1780
a81383ee-6c25-4d32-a130-9c89a9fc7f43	717	84.259	756	A-seg8	N/A	18	4	750	13	756	0.0	769	890
ec3a8c5d-09a5-45cd-b46a-5bef19d76169	693	81.612	881	A-seg8	N/A	29	1	859	884	22	0.0	859	890
bd30a5d4-6695-4ed7-a9a9-58f6a99c1b72	651	80.791	885	A-seg8	N/A	34	1	848	886	10	0.0	848	890
5dace268-a1ae-4766-bcdf-7cca8279377e	758	83.028	872	A-seg8	N/A	29	1	845	881	18	0.0	845	890
9d546349-5f72-4cef-b90d-399985798f10	789	83.525	868	A-seg8	N/A	19	2	856	878	22	0.0	858	890
c0b26f5c-777b-4bd0-a1f3-d90cdf8392dd	833	84.050	884	A-seg8	N/A	18	1	877	881	10	0.0	877	890
ced77870-9536-4520-ab26-9b275632c7d4	701	81.808	874	A-seg8	N/A	28	358	1214	18	872	0.0	1215	890
e9b6218e-63ef-4fe6-8258-bcec9fb30bf3	665	81.033	891	A-seg8	N/A	33	1	871	885	22	0.0	873	890
8038c34d-3b47-4174-8916-a9a9e9b5ecb8	675	81.000	900	A-seg8	N/A	31	1	871	886	1	0.0	912	890
72c16bda-c3ce-4954-97fe-4553cfadd765	702	81.777	878	A-seg8	N/A	30	1	854	11	877	0.0	854	890
b82b5110-d4de-47d6-8af1-6b90ec1f4931	665	81.542	856	A-seg8	N/A	32	21	849	862	23	0.0	849	890
f0640eed-3e51-4268-99ae-1ee80a046350	723	82.184	870	A-seg8	N/A	19	1	850	878	17	0.0	850	890
48876374-c5c5-40f5-a32f-a0c19d93d804	787	83.314	881	A-seg8	N/A	26	1	870	882	18	0.0	870	890
165a754b-2ed1-479c-93c2-7a57c6f282f8	806	83.774	869	A-seg8	N/A	17	1	858	882	22	0.0	858	890
1be990e3-075d-4165-9373-ee1391624710	726	82.400	875	A-seg8	N/A	25	3	851	12	872	0.0	851	890
dfa76eea-f93f-4a67-b68f-e1900fa65f76	824	83.977	880	A-seg8	N/A	16	2	866	12	885	0.0	866	890
16910a46-b49a-4d21-abfe-ad430ddff894	937	83.992	1012	A-seg7	N/A	35	1	986	1018	19	0.0	986	1027
11eea0bf-4c8d-4ca1-a065-bce214a7c6a6	582	85.996	557	A-seg2	N/A	14	1	549	1787	2335	1.49e-168	549	2341
51b1d2f3-421f-4872-ba2c-822e1c7226e8	617	80.045	882	A-seg8	N/A	31	6	868	878	17	6.53e-179	868	890
94870895-d8e8-4dd8-b56b-1dad6bf00fc0	828	84.489	851	A-seg8	N/A	14	1	846	13	854	0.0	846	890
3cfaf522-1cf1-43b2-985e-873a2fa57989	547	85.246	549	A-seg2	N/A	14	1	538	2333	1793	5.38e-158	543	2341
26ef16ec-822e-4374-bfa4-59f4c5fd831b	765	82.974	881	A-seg8	N/A	25	1	864	10	873	0.0	864	890
5c4575c7-7954-4e6f-bfc6-5ae7cfb3794a	872	82.755	1009	A-seg7	N/A	25	1	987	1020	19	0.0	987	1027
ac152ca9-54cd-40dd-b074-8da592b322d9	682	81.299	893	A-seg8	N/A	34	1	866	11	884	0.0	866	890
27966ac6-ca33-43a4-bf64-a472ec44b13f	817	84.327	855	A-seg8	N/A	20	2	843	13	859	0.0	843	890
f05387a5-3cff-4d82-a1e0-04b28c75c153	780	83.144	878	A-seg8	N/A	21	4	870	13	877	0.0	870	890
70d04d7c-c9b6-4384-9840-e15b8358520c	721	88.418	613	A-seg4_H5	N/A	16	3	604	1160	1764	0.0	604	1780
79d85d05-4b41-4ffb-bcd3-fbb0a55b4f0b	737	82.327	894	A-seg8	N/A	28	1	866	11	890	0.0	937	890
8803aa37-7316-4df9-8534-a73cd5d251ef	723	83.071	827	A-seg8	N/A	22	1	810	882	70	0.0	832	890
8ecbe5a1-d228-40ac-bf3a-887c1bf8dfb3	601	80.000	880	A-seg8	N/A	43	4	849	881	22	6.43e-174	850	890
a4ec2537-576b-40ef-8e30-638d3a864c98	756	82.623	892	A-seg8	N/A	32	1	869	11	890	0.0	891	890
10677941-8572-4cb7-9c96-c1987824eb8d	778	83.220	882	A-seg8	N/A	28	1	866	11	874	0.0	869	890
6622e931-e12c-4c18-987a-0af3d836c1fd	750	82.870	864	A-seg8	N/A	23	1	843	863	7	0.0	889	890
df84866c-6550-4348-9958-0e004a465f32	769	83.105	876	A-seg8	N/A	29	1	862	880	22	0.0	863	890
ca440bb3-4469-40fc-a126-e78babe9073c	804	84.118	850	A-seg8	N/A	15	1	835	863	18	0.0	835	890
e685eef4-1a47-45c5-8369-78896469af6a	848	84.633	872	A-seg8	N/A	18	1	856	8	873	0.0	856	890
cb0eb22a-ddd4-485f-863c-c7f7d86a3e59	736	82.974	834	A-seg8	N/A	18	1	820	28	855	0.0	820	890
f553c6ce-69ba-4575-bdcf-48b0f00c7713	791	83.390	885	A-seg8	N/A	24	1	872	883	18	0.0	872	890
28076412-8b51-45ee-be0a-ca58c0236b60	684	81.448	884	A-seg8	N/A	33	2	853	882	11	0.0	853	890
e0e5d73e-4830-42ae-867a-6b0fe5d6b594	745	82.644	870	A-seg8	N/A	23	2	853	878	18	0.0	853	890
ebd34fb3-45f3-434f-bf51-d4d612dbfc51	420	86.514	393	A-seg8	N/A	10	5	388	881	493	1.34e-119	593	890
7cc42e4c-c3f2-41ee-a1ce-9b0a2602bfb1	756	82.838	874	A-seg8	N/A	24	1	855	881	18	0.0	855	890
528d3ac7-d765-4f8d-bba8-8223b53fc3f7	832	84.081	892	A-seg8	N/A	26	1	877	12	887	0.0	877	890
21404c70-e9ab-4ed7-8ab3-c1858a2e3b1e	819	83.959	879	A-seg8	N/A	19	1	864	9	877	0.0	864	890
af5e7e31-ca31-4737-a94e-8d555be65bdf	811	83.501	897	A-seg8	N/A	21	1	888	11	888	0.0	888	890
f93513ed-08b2-4acf-bcfa-8589b5ae2345	811	83.886	875	A-seg8	N/A	18	6	860	14	883	0.0	860	890
c78961a9-47ec-4ee7-bc62-a897e8a094d6	741	82.574	878	A-seg8	N/A	28	1	854	884	18	0.0	854	890
cf048b23-3c14-46a1-8618-673dc32ccb1a	944	83.902	1025	A-seg7	N/A	27	1	1002	11	1020	0.0	1002	1027
d93856c5-e998-4d34-85da-7bf29298fbc7	824	84.271	871	A-seg8	N/A	27	1	855	10	869	0.0	855	890
355f55e5-963a-4888-9077-14bee4ee3869	584	80.368	815	A-seg8	N/A	31	1	790	810	9	6.01e-169	790	890
240dfc24-d346-42ac-bfbe-515d69dbd1b0	684	81.528	877	A-seg8	N/A	31	1	846	884	18	0.0	846	890
b2b013a1-abde-4720-b110-76991d50cefc	276	83.072	319	A-seg1	N/A	9	1	306	2332	2017	2.72e-76	527	2341
7ad61b4f-e9ce-4ccd-8568-800d99bd09bb	1044	85.771	1005	A-seg7	N/A	17	1	990	1020	23	0.0	990	1027
a8a042ad-bbf8-462d-aa32-df0397bce6c3	671	81.486	875	A-seg8	N/A	34	1	838	884	24	0.0	838	890
e5ff881f-1a03-4cc3-9944-afd3a13094e9	723	82.414	870	A-seg8	N/A	34	1	843	878	22	0.0	843	890
33668800-db01-450b-85ee-40cf67deca59	654	81.011	890	A-seg8	N/A	45	1	856	884	18	0.0	856	890
29032d32-0af1-4d94-8ad5-8c67e11f1cf1	717	81.951	892	A-seg8	N/A	34	1	872	882	13	0.0	872	890
d92709c5-db2b-4d39-a0ea-8f8da1d6e2bb	756	83.158	855	A-seg8	N/A	22	1	840	33	875	0.0	840	890
fa78fb13-c713-4440-ae85-3c8845781b38	769	83.199	869	A-seg8	N/A	22	1	851	882	25	0.0	851	890
fabb8419-6193-4d39-be2b-390f745e30f4	752	82.910	866	A-seg8	N/A	22	9	853	15	872	0.0	853	890
8a25ceb7-ac60-4a54-8154-b64490ed53e0	774	83.182	880	A-seg8	N/A	22	1	870	882	26	0.0	870	890
3bfe9458-3f98-4697-8f3e-8923059e5345	398	88.991	327	A-seg4_H5	N/A	8	1	319	1095	1421	5.73e-113	543	1780
4d3180c2-2e50-4f27-bcbc-273c0f73c0fd	717	80.536	1007	A-seg7	N/A	46	1	964	10	998	0.0	975	1027
10f26309-dbf2-4fa4-a3c2-66f2e4d38d8c	743	82.379	891	A-seg8	N/A	27	1	875	14	885	0.0	875	890
9381db24-7f81-442f-8495-dd19f72d1c7c	728	82.400	875	A-seg8	N/A	26	1	850	884	22	0.0	852	890
51dd0002-6bc6-44cc-8449-03c97caa03b0	667	80.062	963	A-seg7	N/A	37	1	929	1024	80	0.0	999	1027
0a13262e-03fa-4dc5-9d2f-8b43a4503db0	693	81.703	869	A-seg8	N/A	26	3	846	881	22	0.0	848	890
b7611430-8c3d-4973-8f41-ec8f5a910c09	941	83.992	1012	A-seg7	N/A	27	1	986	1019	16	0.0	986	1027
9fa7b20f-91c5-45c4-bdd1-1bed6daea640	850	82.440	1008	A-seg7	N/A	28	1	987	1013	19	0.0	987	1027
ad7c8d2f-c3f8-4894-9c79-a2c1fb55636a	798	83.716	872	A-seg8	N/A	25	1	853	12	875	0.0	853	890
7b92e006-86c0-4ed7-ab47-f4e5dd3c0512	619	81.427	813	A-seg8	N/A	36	1	788	882	95	1.75e-179	838	890
698896b7-bc0a-475d-81fb-986ac712b970	806	83.638	874	A-seg8	N/A	17	1	863	7	874	0.0	863	890
8ca001db-b6c3-47c8-861c-9f502bc3bf23	763	82.974	881	A-seg8	N/A	25	1	854	882	10	0.0	854	890
97e8811f-2014-4011-a409-b5793cd60109	941	83.792	1018	A-seg7	N/A	19	1	1005	1021	19	0.0	1005	1027
ef47a79d-fe06-45d3-b16c-8529a220e005	830	84.271	871	A-seg8	N/A	18	1	856	882	18	0.0	856	890
32f12669-108a-4c84-be7d-60befa5f8de4	608	80.000	885	A-seg8	N/A	37	1	852	879	11	3.85e-176	852	890
018a4ad9-183a-4e5e-823b-34aa64db6ff4	302	83.481	339	A-seg4_H5	N/A	14	1	333	16	344	6.71e-84	782	1780
018a4ad9-183a-4e5e-823b-34aa64db6ff4	239	85.366	246	A-seg4_H5	N/A	14	502	732	317	74	5.34e-65	782	1780
97d6464f-160b-4f56-87f6-c121761b8003	226	80.795	302	A-seg8	N/A	8	1	296	12	308	3.00e-61	569	890
d3f1e7c8-52da-4973-86dd-2c245d392ae2	597	87.132	544	A-seg4_H5	N/A	14	2	535	1769	1237	8.64e-173	882	1780
576f44d5-2712-458e-92bb-cd2e31ea2b9d	732	82.509	869	A-seg8	N/A	22	2	854	22	873	0.0	854	890
656c47a0-04f0-479c-ba18-cd77cddcae8e	1003	84.965	1011	A-seg7	N/A	15	1	1000	1019	22	0.0	1005	1027
e0368ec5-6506-44f4-b1ca-be6810742b66	719	82.238	867	A-seg8	N/A	26	1	847	12	867	0.0	847	890
4f65f58f-40d3-4fb2-8c85-62cf3113d83c	782	83.391	867	A-seg8	N/A	20	1	851	876	17	0.0	851	890
fffc50b3-2eda-4efa-81d3-44b855cf29d0	523	84.192	563	A-seg8	N/A	20	11	566	876	332	9.87e-151	590	890
c6cb9cf3-5603-4501-ab74-d3f038407e12	830	84.114	875	A-seg8	N/A	15	1	860	882	11	0.0	860	890
250b3af7-c73c-4576-b910-52bc76a1dcdc	1007	84.965	1011	A-seg7	N/A	19	1	1000	10	1011	0.0	1000	1027
e2acff3f-c581-4df2-8b53-c0e604f85b5d	494	81.056	644	A-seg1	N/A	21	1	633	2340	1708	1.38e-141	1043	2341
57b3ff44-97e1-492d-a5f4-0ab6eeabf355	671	81.208	894	A-seg8	N/A	39	1	870	882	18	0.0	870	890
fde1b9d1-b270-473c-ba9c-d07dd4744e63	545	81.037	733	A-seg8	N/A	33	1	714	882	173	2.56e-157	714	890
7d6722b2-fc92-4ad0-9390-ca925233a4a9	841	84.687	862	A-seg8	N/A	13	1	843	881	22	0.0	843	890
e2b9388e-0785-4235-bb87-1b8bfd539313	774	81.238	1034	A-seg7	N/A	55	2	994	11	1019	0.0	994	1027
45ce633e-b1ed-47c3-9408-c20e25cdd305	941	83.922	1020	A-seg7	N/A	26	1	1001	11	1012	0.0	1001	1027
16d34813-5d74-443a-b21d-5ec6e65e35c5	658	81.013	869	A-seg8	N/A	30	4	847	881	24	0.0	847	890
7879d3e3-cdb5-4a1f-bebb-0468777f4eb0	664	82.405	790	A-seg7	N/A	21	1	768	238	1021	0.0	768	1027
98af5c4d-8dc9-4bf2-8218-f365fcf4e240	623	87.638	542	A-seg2	N/A	6	7	541	1793	2334	0.0	541	2341
3ba035fd-a050-4e20-ac0c-cda9f99cbbb8	702	81.676	895	A-seg8	N/A	37	1	865	12	890	0.0	866	890
e537d384-170c-4fe8-9124-92354e37285f	817	84.088	861	A-seg8	N/A	14	7	858	880	26	0.0	864	890
15255a7e-87d2-45e7-9da2-1b14ea0af77e	795	83.756	868	A-seg8	N/A	20	1	849	878	22	0.0	849	890
e7cc84d5-1a13-4100-b5a2-8ae0c46ac3f0	435	85.919	419	A-seg4_H5	N/A	13	1	410	11	425	4.49e-124	558	1780
442b9776-31e9-4085-91d6-a68ef690f9f8	616	87.523	545	A-seg2	N/A	9	1	539	2333	1798	1.45e-178	541	2341
cd5bce2c-f746-48ba-b2c6-530f5a446682	821	84.138	870	A-seg8	N/A	16	1	855	883	23	0.0	855	890
0e457a2d-a7c2-44e0-92dc-d7d8359e2d25	684	81.692	863	A-seg8	N/A	23	1	832	881	25	0.0	832	890
77f426d6-b9af-4a71-9166-5281e4c4af27	739	82.751	858	A-seg8	N/A	23	3	835	880	26	0.0	842	890
56a73f85-7c1d-4f81-a2f4-3bd679b12ea2	580	80.521	806	A-seg8	N/A	35	69	846	91	883	8.34e-168	846	890
e4ee063e-c7a4-4253-926c-6f4854951032	747	82.708	879	A-seg8	N/A	31	5	868	14	870	0.0	868	890
1329cbbe-95e3-4510-9924-f4581fd070b4	309	80.092	437	A-seg8	N/A	18	5	432	13	440	3.97e-86	775	890
ac1ffae7-c116-4bfd-aa3d-a9677666f939	673	81.350	874	A-seg8	N/A	30	1	845	882	22	0.0	847	890
010b78e6-a856-48eb-9b67-7dbb9a7a87be	979	84.638	1009	A-seg7	N/A	20	1	989	1020	19	0.0	989	1027
5cd8517f-1872-449a-aae7-71483c490f34	809	83.481	902	A-seg8	N/A	28	1	889	882	1	0.0	892	890
f8dacd5f-889f-46b3-8a1d-b55879333a77	640	80.686	875	A-seg8	N/A	33	1	848	888	30	0.0	859	890
9d3d9044-b20f-48cc-828b-e96eb7e2696b	749	82.333	900	A-seg8	N/A	29	1	884	11	890	0.0	911	890
7cd8b044-1a5c-4188-a244-69aae2cb30c2	390	80.331	544	A-seg7	N/A	20	1	529	1019	484	1.72e-110	963	1027
81021f14-8f1f-43cb-8aaf-7e760f874816	979	84.646	1003	A-seg7	N/A	20	1	988	15	1010	0.0	989	1027
5c15a374-c915-4fb4-90da-7529fdef5f11	625	80.246	896	A-seg8	N/A	35	1	869	882	13	0.0	869	890
f3d839cc-f524-4d77-aa7e-d54ea9bf748f	562	82.919	644	A-seg8	N/A	15	1	636	11	643	2.26e-162	636	890
563c056a-f543-495b-82be-d88511f806fa	846	84.544	867	A-seg8	N/A	11	1	859	883	22	0.0	861	890
c6c7ea74-5826-4b37-8956-875d1d998603	976	85.000	980	A-seg7	N/A	15	1	973	11	976	0.0	974	1027
7c306f20-5383-4740-bfed-47d873ea3302	693	81.714	875	A-seg8	N/A	30	1	846	9	873	0.0	846	890
5f2cc4f4-d25c-4f4d-91ce-2b40558a86ca	789	83.333	888	A-seg8	N/A	27	1	873	882	13	0.0	873	890
26549eb9-25cd-4960-a35a-5e88615a8ad4	874	83.019	1007	A-seg7	N/A	32	1	993	1018	39	0.0	993	1027
74ba4a1a-7fcb-47d4-a952-ed3f38154c6e	824	82.016	1012	A-seg7	N/A	33	6	992	1018	22	0.0	992	1027
88da02d1-9470-4d5c-853c-9013455c1f38	636	80.357	896	A-seg8	N/A	36	1	870	883	9	0.0	870	890
f6e120fc-ee55-461f-84a4-aaa2685e7428	676	81.465	874	A-seg8	N/A	33	1	845	12	871	0.0	845	890
2857916d-ddf0-4d9e-8e31-01c5a8b38eba	710	83.333	798	A-seg8	N/A	26	1	781	883	98	0.0	855	890
b5a290a7-78a9-400c-9f16-742145e0a2de	475	82.909	550	A-seg2	N/A	18	1	539	2333	1794	2.55e-136	539	2341
9604c894-8465-468b-a105-a33fc7647bec	706	82.206	843	A-seg8	N/A	18	1	824	861	22	0.0	824	890
26bfce78-1f25-40fc-81a5-009c199636ec	688	81.723	859	A-seg8	N/A	27	4	834	881	26	0.0	834	890
7ec0c406-360e-4317-ae19-e65812e89c37	747	82.870	864	A-seg8	N/A	23	9	848	873	18	0.0	849	890
7e581273-5a36-4798-92d7-0fb367552189	438	82.979	517	A-seg8	N/A	23	3	501	881	378	3.11e-125	501	890
48646be5-e988-4117-87e4-5f9545143731	641	83.523	704	A-seg8	N/A	13	5	697	881	185	0.0	697	890
c2824838-c6b7-4cd8-ac69-0a97f30957a5	675	81.469	885	A-seg8	N/A	36	1	848	8	874	0.0	848	890
fce045cf-5a68-4bbc-99c5-625415a5029f	676	81.329	873	A-seg8	N/A	24	1	844	884	18	0.0	844	890
28506509-f4ff-4fc4-b175-fadf0ece3bf1	673	81.398	887	A-seg8	N/A	42	1	856	11	872	0.0	856	890
8d2fa3f3-dd39-4998-9fcb-7f38bf171d75	804	83.636	880	A-seg8	N/A	19	1	869	13	877	0.0	870	890
82199782-2500-4b6c-9b65-3ced41fa80cc	750	82.723	874	A-seg8	N/A	22	1	857	883	23	0.0	857	890
d5cd148f-c1e1-4a34-881d-d7105015a961	974	84.396	1019	A-seg7	N/A	24	1	1005	11	1014	0.0	1005	1027
0c6981bc-28a0-42f6-b4f1-cfa891f4b5ac	682	81.435	878	A-seg8	N/A	29	1	846	881	12	0.0	848	890
20bdd2ce-e9d7-47d8-98ab-434251730d99	736	82.624	869	A-seg8	N/A	30	1	841	882	22	0.0	842	890
9750b871-59ae-42e4-9ce5-e0339cb6d0b8	878	85.206	872	A-seg8	N/A	18	4	865	11	873	0.0	866	890
86c8fc1e-b3c4-45ed-a2b0-c2a5048828c3	813	84.229	856	A-seg8	N/A	21	5	846	14	861	0.0	846	890
329a4358-40f7-459d-8dff-b9009cdb4f36	715	82.163	869	A-seg8	N/A	27	4	848	13	872	0.0	848	890
bc06e5da-72dc-4846-816a-b5852a9120f1	702	81.614	892	A-seg8	N/A	24	1	881	884	22	0.0	882	890
0538116b-e37c-48e2-8dcf-e8c73f288974	721	82.286	875	A-seg8	N/A	32	5	857	13	869	0.0	857	890
b3145867-f23c-4399-80ed-c5bc0ae8ad09	717	82.171	875	A-seg8	N/A	30	1	852	882	22	0.0	853	890
22274234-dce7-4f86-8d01-a9efd1a17d66	797	83.716	872	A-seg8	N/A	28	1	852	14	875	0.0	852	890
620a4c98-062d-47d2-b731-df51c6ff044a	732	82.400	875	A-seg8	N/A	29	5	857	13	875	0.0	857	890
0b956353-9906-4aec-b441-afaed30ffe98	809	83.771	875	A-seg8	N/A	17	1	860	885	18	0.0	860	890
80e5598b-6299-4eed-abb7-73099cf7c263	833	89.217	677	A-seg4_H5	N/A	14	1	665	1087	1761	0.0	665	1780
9525d346-4acb-4b80-8a55-85ec8c371a1f	782	83.276	873	A-seg8	N/A	18	1	859	881	18	0.0	859	890
7fda733c-0d46-4369-bfdf-87376825ab5e	791	83.603	866	A-seg8	N/A	14	1	848	882	22	0.0	850	890
0e3acc18-d564-4a4e-9051-e1b13fc0b3e9	821	84.018	876	A-seg8	N/A	18	1	867	883	22	0.0	869	890
d2c07544-742e-407b-8c3d-4435fd605a8a	606	80.519	847	A-seg8	N/A	40	1	819	871	44	1.33e-175	819	890
9600b01a-aea0-4b57-a60b-df0aa6dd1ba7	787	83.110	894	A-seg8	N/A	25	1	877	882	1	0.0	1507	890
a1974ad0-f144-4f81-b325-fec55065bc99	861	84.721	877	A-seg8	N/A	17	1	867	9	877	0.0	867	890
796efe14-c8fb-443e-b163-3540c25f78c2	628	80.298	873	A-seg8	N/A	27	1	846	884	18	0.0	846	890
327a811a-8a71-4077-ba03-62aee2fd85fb	492	80.982	652	A-seg3	N/A	23	1	631	2227	1582	5.36e-141	1121	2233
327a811a-8a71-4077-ba03-62aee2fd85fb	353	81.075	465	A-seg3	N/A	15	626	1075	1742	2202	2.64e-99	1121	2233
e399439a-9a7a-4042-87b2-f4903bb2166d	854	84.713	870	A-seg8	N/A	15	1	858	880	16	0.0	858	890
888e1de5-89cb-41fb-b6d5-2cac15067c5c	778	81.354	1019	A-seg7	N/A	44	1	980	1020	19	0.0	980	1027
44e52a9d-461e-4b89-9ccc-6c46e90ab806	752	83.138	854	A-seg8	N/A	27	24	862	35	873	0.0	862	890
cc676ede-8043-4cf0-9d53-23cb4989cb35	630	80.425	894	A-seg8	N/A	42	1	859	12	885	0.0	859	890
42053341-4d52-4df6-9d91-29f5afe2c092	806	83.653	887	A-seg8	N/A	25	1	876	18	883	0.0	876	890
62d03d19-7719-480a-b899-a6336f0df577	793	83.409	886	A-seg8	N/A	26	3	875	881	14	0.0	875	890
5e3eb5be-9a60-4289-af13-464eca3482f1	684	81.591	880	A-seg8	N/A	36	1	846	9	874	0.0	846	890
d1e28147-d891-4e35-943a-3d9b71f73f3d	815	83.882	881	A-seg8	N/A	21	1	863	12	883	0.0	863	890
9dede801-7d81-4fbf-a360-f0d17ad29055	588	80.071	843	A-seg8	N/A	33	1	819	861	36	4.82e-170	819	890
82a823fc-443b-4bf8-9d44-6098b8b96446	933	83.725	1020	A-seg7	N/A	28	1	1003	11	1013	0.0	1003	1027
86e711ab-e1e7-48fb-a722-f47bd669050d	800	83.818	859	A-seg8	N/A	12	1	849	868	17	0.0	849	890
25b0b1ed-7157-432d-a998-64c9036a05e1	680	81.649	861	A-seg8	N/A	29	1	830	882	29	0.0	830	890
6378691e-50c6-46af-9175-e227055baf2e	833	84.271	871	A-seg8	N/A	15	1	857	884	18	0.0	857	890
a908424f-bc93-4da9-ac24-50581ee16590	580	85.817	557	A-seg8	N/A	9	1	548	882	328	5.39e-168	552	890
7e1dba7c-b09d-40c2-b872-65febdbae304	702	84.303	739	A-seg8	N/A	19	4	725	23	756	0.0	746	890
8d6d494c-1e40-4faf-ba5e-e6e5410d82ac	898	83.416	1007	A-seg7	N/A	30	1	985	1008	20	0.0	985	1027
903eb693-7284-4e8a-8af9-6463135d63f8	573	85.765	562	A-seg2	N/A	15	3	554	2331	1783	9.60e-166	586	2341
7acda95f-1f12-4bdc-90de-da68a7d4bf2d	641	80.667	869	A-seg8	N/A	26	12	860	874	22	0.0	861	890
edeebf6e-7efe-4cb4-a190-4f351686e394	665	81.279	876	A-seg8	N/A	35	1	839	883	18	0.0	839	890
97d2113e-8e12-448d-9dd3-c54edbf98b0f	732	82.649	853	A-seg8	N/A	22	1	840	881	42	0.0	840	890
2bfa2beb-ac8f-4364-a3d4-2d4fe4faf62d	841	84.439	874	A-seg8	N/A	17	1	861	883	18	0.0	861	890
2ebc6dd4-fca4-4d26-bd04-1883d10b800b	808	83.729	885	A-seg8	N/A	20	1	870	18	886	0.0	870	890
